model,auc-roc,auc-pr,accuracy,precision,recall,f1-score,sensitivity,specificity,tn,fp,fn,tp
catboost,0.5368,0.0142,0.8397,0.0158,0.1926,0.0292,0.1926,0.8479,9034.0,1621.0,109.0,26.0
dt,0.5154,0.1052,0.8374,0.015,0.1852,0.0277,0.1852,0.8457,9011.0,1644.0,110.0,25.0
gradient-boosting,0.583,0.0387,0.6525,0.0153,0.4222,0.0295,0.4222,0.6555,6984.0,3671.0,78.0,57.0
lightgbm,0.5974,0.0257,0.9642,0.0335,0.0667,0.0446,0.0667,0.9756,10395.0,260.0,126.0,9.0
logistic-regression,0.5906,0.0239,0.7416,0.0206,0.4222,0.0393,0.4222,0.7457,7945.0,2710.0,78.0,57.0
mlp,0.4486,0.0115,0.9875,0.0,0.0,0.0,0.0,1.0,10655.0,0.0,135.0,0.0
naive-bayes,0.6479,0.0248,0.841,0.0281,0.3481,0.0519,0.3481,0.8472,9027.0,1628.0,88.0,47.0
random-forest,0.5701,0.0148,0.8985,0.0132,0.0963,0.0232,0.0963,0.9087,9682.0,973.0,122.0,13.0
svm,0.6099,0.0278,0.9875,0.0,0.0,0.0,0.0,1.0,10655.0,0.0,135.0,0.0
xgboost,0.5281,0.0147,0.8465,0.0171,0.2,0.0316,0.2,0.8547,9107.0,1548.0,108.0,27.0
