filename,auc-roc,auc-pr,accuracy,precision,recall,f1-score,sensitivity,specificity,tn,fp,fn,tp
lightgbm.csv,0.8031,0.1023,0.9857,0.2564,0.0741,0.1149,0.0741,0.9973,10626.0,29.0,125.0,10.0
dt.csv,0.545,0.1015,0.9753,0.0881,0.1037,0.0952,0.1037,0.9864,10510.0,145.0,121.0,14.0
random-forest.csv,0.8314,0.0959,0.9866,0.2222,0.0296,0.0523,0.0296,0.9987,10641.0,14.0,131.0,4.0
svm.csv,0.829,0.085,0.9875,0.0,0.0,0.0,0.0,1.0,10655.0,0.0,135.0,0.0
mlp.csv,0.1994,0.0071,0.9875,0.0,0.0,0.0,0.0,1.0,10655.0,0.0,135.0,0.0
naive-bayes.csv,0.8297,0.1945,0.724,0.0344,0.7778,0.0659,0.7778,0.7233,7707.0,2948.0,30.0,105.0
gradient-boosting.csv,0.7835,0.0797,0.8069,0.041,0.6444,0.0771,0.6444,0.8089,8619.0,2036.0,48.0,87.0
logistic-regression.csv,0.8604,0.1032,0.7954,0.0464,0.7852,0.0876,0.7852,0.7955,8476.0,2179.0,29.0,106.0
xgboost.csv,0.7831,0.0908,0.9834,0.1857,0.0963,0.1268,0.0963,0.9947,10598.0,57.0,122.0,13.0
