model,auc-roc,auc-pr,accuracy,precision,recall,f1-score,sensitivity,specificity,tn,fp,fn,tp
dt,0.5949,0.2043,0.9799,0.1985,0.2,0.1993,0.2,0.9898,10546.0,109.0,108.0,27.0
gradient-boosting,0.8952,0.1822,0.8984,0.0931,0.8148,0.1672,0.8148,0.8995,9584.0,1071.0,25.0,110.0
lightgbm,0.9204,0.1991,0.9834,0.266,0.1852,0.2183,0.1852,0.9935,10586.0,69.0,110.0,25.0
logistic-regression,0.917,0.2147,0.8743,0.0793,0.8519,0.145,0.8519,0.8746,9319.0,1336.0,20.0,115.0
mlp,0.1133,0.0066,0.9875,0.0,0.0,0.0,0.0,1.0,10655.0,0.0,135.0,0.0
naive-bayes,0.8919,0.2889,0.7569,0.0447,0.9037,0.0851,0.9037,0.755,8045.0,2610.0,13.0,122.0
random-forest,0.91,0.1872,0.9871,0.1667,0.0074,0.0142,0.0074,0.9995,10650.0,5.0,134.0,1.0
svm,0.913,0.169,0.9874,0.0,0.0,0.0,0.0,0.9999,10654.0,1.0,135.0,0.0
xgboost,0.899,0.1833,0.984,0.2979,0.2074,0.2445,0.2074,0.9938,10589.0,66.0,107.0,28.0
