model,auc-roc,auc-pr,accuracy,precision,recall,f1-score,sensitivity,specificity,tn,fp,fn,tp
dt,0.5973,0.194,0.9775,0.1707,0.2074,0.1873,0.2074,0.9872,10519.0,136.0,107.0,28.0
gradient-boosting,0.8839,0.179,0.9875,0.0,0.0,0.0,0.0,1.0,10655.0,0.0,135.0,0.0
lightgbm,0.9119,0.1805,0.9874,0.0,0.0,0.0,0.0,0.9999,10654.0,1.0,135.0,0.0
logistic-regression,0.9091,0.2007,0.987,0.3077,0.0296,0.0541,0.0296,0.9992,10646.0,9.0,131.0,4.0
mlp,0.1283,0.0066,0.9875,0.0,0.0,0.0,0.0,1.0,10655.0,0.0,135.0,0.0
naive-bayes,0.8929,0.2844,0.8061,0.0542,0.8815,0.1021,0.8815,0.8052,8579.0,2076.0,16.0,119.0
random-forest,0.902,0.2173,0.9873,0.3333,0.0148,0.0284,0.0148,0.9996,10651.0,4.0,133.0,2.0
svm,0.7353,0.1534,0.987,0.1429,0.0074,0.0141,0.0074,0.9994,10649.0,6.0,134.0,1.0
transformer,0.9151,0.2037,0.9873,0.25,0.0074,0.0144,0.0074,0.9997,10652.0,3.0,134.0,1.0
xgboost,0.9042,0.1867,0.9867,0.3784,0.1037,0.1628,0.1037,0.9978,10632.0,23.0,121.0,14.0
