model,auc-roc,auc-pr,accuracy,precision,recall,f1-score,sensitivity,specificity,tn,fp,fn,tp
catboost,0.8581,0.1357,0.976,0.1961,0.2963,0.236,0.2963,0.9846,10491.0,164.0,95.0,40.0
dt,0.5445,0.0984,0.9742,0.0819,0.1037,0.0915,0.1037,0.9853,10498.0,157.0,121.0,14.0
gradient-boosting,0.8681,0.1376,0.9125,0.0975,0.7259,0.1719,0.7259,0.9149,9748.0,907.0,37.0,98.0
lightgbm,0.8678,0.1638,0.9837,0.2469,0.1481,0.1852,0.1481,0.9943,10594.0,61.0,115.0,20.0
logistic-regression,0.8876,0.1851,0.8493,0.0668,0.8519,0.1239,0.8519,0.8493,9049.0,1606.0,20.0,115.0
mlp,0.1442,0.0142,0.9875,0.0,0.0,0.0,0.0,1.0,10655.0,0.0,135.0,0.0
naive-bayes,0.87,0.1707,0.7913,0.0498,0.8667,0.0941,0.8667,0.7903,8421.0,2234.0,18.0,117.0
random-forest,0.8767,0.1272,0.9871,0.0,0.0,0.0,0.0,0.9996,10651.0,4.0,135.0,0.0
svm,0.85,0.1057,0.9871,0.0,0.0,0.0,0.0,0.9996,10651.0,4.0,135.0,0.0
xgboost,0.8456,0.1274,0.982,0.2243,0.1778,0.1983,0.1778,0.9922,10572.0,83.0,111.0,24.0
