model,auc-roc-macro,auc-roc-weighted,auc-pr-macro,auc-pr-weighted,accuracy,confusion_matrix,cm-0,cm-1,cm-2,cm-3,cm-4,cm-5,cm-6,cm-7,cm-8,cm-9,cm-10,cm-11,cm-12,cm-13,cm-14,cm-15
gradient-boosting,0.7645,0.8288,0.2809,0.9735,0.8241,"[8793 607 1023 143]
[24 66 13 14]
[31 20 29 9]
[3 8 3 4]",8793,607,1023,143,24,66,13,14,31,20,29,9,3,8,3,4
lightgbm,0.8657,0.8434,0.3027,0.9719,0.979,"[10563 3 0 0]
[117 0 0 0]
[89 0 0 0]
[18 0 0 0]",10563,3,0,0,117,0,0,0,89,0,0,0,18,0,0,0
logistic-regression,0.8354,0.8858,0.2991,0.9777,0.7657,"[8156 743 1453 214]
[14 66 23 14]
[16 27 34 12]
[0 10 2 6]",8156,743,1453,214,14,66,23,14,16,27,34,12,0,10,2,6
naive-bayes,0.8158,0.8632,0.272,0.9761,0.6756,"[7178 1329 1805 254]
[13 69 15 20]
[12 23 37 17]
[0 9 3 6]",7178,1329,1805,254,13,69,15,20,12,23,37,17,0,9,3,6
