model,auc-roc-macro,auc-roc-weighted,auc-pr-macro,auc-pr-weighted,accuracy,confusion_matrix,cm-0,cm-1,cm-2,cm-3,cm-4,cm-5,cm-6,cm-7,cm-8,cm-9,cm-10,cm-11,cm-12,cm-13,cm-14,cm-15
gradient-boosting,0.7946,0.7913,0.2947,0.9678,0.9792,"[10566 0 0 0]
[117 0 0 0]
[89 0 0 0]
[18 0 0 0]",10566,0,0,0,117,0,0,0,89,0,0,0,18,0,0,0
lightgbm,0.8657,0.8434,0.3027,0.9719,0.979,"[10563 3 0 0]
[117 0 0 0]
[89 0 0 0]
[18 0 0 0]",10563,3,0,0,117,0,0,0,89,0,0,0,18,0,0,0
logistic-regression,0.897,0.8874,0.3173,0.9783,0.979,"[10558 8 0 0]
[112 5 0 0]
[86 3 0 0]
[17 1 0 0]",10558,8,0,0,112,5,0,0,86,3,0,0,17,1,0,0
naive-bayes,0.8263,0.8622,0.2743,0.976,0.7425,"[7904 1164 1286 212]
[14 69 17 17]
[18 22 33 16]
[0 9 3 6]",7904,1164,1286,212,14,69,17,17,18,22,33,16,0,9,3,6
transformer,0.7815,0.7224,0.3048,0.9714,0.9791,"[10563 2 0 1]
[115 2 0 0]
[86 2 0 1]
[17 1 0 0]",10563,2,0,1,115,2,0,0,86,2,0,1,17,1,0,0
