model,auc-roc,auc-pr,accuracy,precision,recall,f1-score,sensitivity,specificity,tn,fp,fn,tp
catboost,0.8431,0.2655,0.953,0.386,0.193,0.2573,0.193,0.9865,2555.0,35.0,92.0,22.0
dt,0.5658,0.1873,0.9312,0.1727,0.1667,0.1696,0.1667,0.9649,2499.0,91.0,95.0,19.0
gradient-boosting,0.7178,0.133,0.7785,0.112,0.614,0.1894,0.614,0.7857,2035.0,555.0,44.0,70.0
lightgbm,0.7765,0.2081,0.9578,0.5,0.0877,0.1493,0.0877,0.9961,2580.0,10.0,104.0,10.0
logistic-regression,0.8358,0.2506,0.7803,0.1296,0.7368,0.2205,0.7368,0.7822,2026.0,564.0,30.0,84.0
mlp,0.2585,0.0259,0.9578,0.0,0.0,0.0,0.0,1.0,2590.0,0.0,114.0,0.0
naive-bayes,0.8092,0.2484,0.6982,0.0984,0.7544,0.1741,0.7544,0.6958,1802.0,788.0,28.0,86.0
random-forest,0.8334,0.2487,0.9589,0.6667,0.0526,0.0976,0.0526,0.9988,2587.0,3.0,108.0,6.0
svm,0.8497,0.1892,0.9578,0.0,0.0,0.0,0.0,1.0,2590.0,0.0,114.0,0.0
xgboost,0.8296,0.2479,0.9516,0.3509,0.1754,0.2339,0.1754,0.9857,2553.0,37.0,94.0,20.0
