model,auc-roc,auc-pr,accuracy,precision,recall,f1-score,sensitivity,specificity,tn,fp,fn,tp
catboost,0.9222,0.1933,0.9752,0.2241,0.4,0.2872,0.4,0.9824,10468.0,187.0,81.0,54.0
dt,0.5835,0.181,0.9791,0.1739,0.1778,0.1758,0.1778,0.9893,10541.0,114.0,111.0,24.0
gradient-boosting,0.8977,0.1518,0.9164,0.1099,0.8,0.1932,0.8,0.9179,9780.0,875.0,27.0,108.0
lightgbm,0.9213,0.1965,0.9833,0.268,0.1926,0.2241,0.1926,0.9933,10584.0,71.0,109.0,26.0
logistic-regression,0.9107,0.2062,0.8534,0.0691,0.8593,0.1279,0.8593,0.8533,9092.0,1563.0,19.0,116.0
mlp,0.1119,0.0066,0.9875,0.0,0.0,0.0,0.0,1.0,10655.0,0.0,135.0,0.0
naive-bayes,0.8854,0.1845,0.8026,0.0521,0.8593,0.0982,0.8593,0.8019,8544.0,2111.0,19.0,116.0
random-forest,0.9066,0.1697,0.9869,0.125,0.0074,0.014,0.0074,0.9993,10648.0,7.0,134.0,1.0
svm,0.8963,0.1308,0.9874,0.0,0.0,0.0,0.0,0.9999,10654.0,1.0,135.0,0.0
xgboost,0.9002,0.1859,0.9827,0.2869,0.2593,0.2724,0.2593,0.9918,10568.0,87.0,100.0,35.0
