model,auc-roc-macro,auc-roc-weighted,auc-pr-macro,auc-pr-weighted,accuracy,confusion_matrix,cm-0,cm-1,cm-2,cm-3,cm-4,cm-5,cm-6,cm-7,cm-8,cm-9,cm-10,cm-11,cm-12,cm-13,cm-14,cm-15
gradient-boosting,0.805,0.8573,0.2864,0.9766,0.8281,"[8830 526 1021 189]
[22 66 20 9]
[29 19 34 7]
[3 6 4 5]",8830,526,1021,189,22,66,20,9,29,19,34,7,3,6,4,5
lightgbm,0.9043,0.8861,0.3161,0.9778,0.9791,"[10565 1 0 0]
[117 0 0 0]
[89 0 0 0]
[18 0 0 0]",10565,1,0,0,117,0,0,0,89,0,0,0,18,0,0,0
logistic-regression,0.8623,0.8897,0.2885,0.9775,0.7776,"[8273 682 1410 201]
[18 63 23 13]
[16 16 45 12]
[0 5 4 9]",8273,682,1410,201,18,63,23,13,16,16,45,12,0,5,4,9
naive-bayes,0.8336,0.8667,0.2738,0.9759,0.6791,"[7227 1248 1825 266]
[13 55 21 28]
[14 19 34 22]
[0 3 3 12]",7227,1248,1825,266,13,55,21,28,14,19,34,22,0,3,3,12
