model,auc-roc,auc-pr,accuracy,precision,recall,f1-score,sensitivity,specificity,tn,fp,fn,tp
catboost,0.9095,0.1693,0.9626,0.1629,0.4815,0.2434,0.4815,0.9687,10321.0,334.0,70.0,65.0
dt,0.5691,0.1581,0.9794,0.1575,0.1481,0.1527,0.1481,0.99,10548.0,107.0,115.0,20.0
gradient-boosting,0.8426,0.1373,0.8971,0.0823,0.7111,0.1475,0.7111,0.8995,9584.0,1071.0,39.0,96.0
lightgbm,0.9078,0.1664,0.9801,0.2531,0.3037,0.2761,0.3037,0.9886,10534.0,121.0,94.0,41.0
logistic-regression,0.9037,0.1954,0.854,0.0694,0.8593,0.1284,0.8593,0.854,9099.0,1556.0,19.0,116.0
mlp,0.1728,0.0069,0.9875,0.0,0.0,0.0,0.0,1.0,10655.0,0.0,135.0,0.0
naive-bayes,0.8802,0.1563,0.547,0.0242,0.8963,0.0472,0.8963,0.5426,5781.0,4874.0,14.0,121.0
random-forest,0.8734,0.1563,0.9867,0.1538,0.0148,0.027,0.0148,0.999,10644.0,11.0,133.0,2.0
svm,0.9103,0.1967,0.9877,0.75,0.0222,0.0432,0.0222,0.9999,10654.0,1.0,132.0,3.0
xgboost,0.8773,0.1455,0.9816,0.2538,0.2444,0.2491,0.2444,0.9909,10558.0,97.0,102.0,33.0
