model,auc-roc,auc-pr,accuracy,precision,recall,f1-score,sensitivity,specificity,tn,fp,fn,tp
dt,0.5976,0.1967,0.9779,0.1761,0.2074,0.1905,0.2074,0.9877,10524.0,131.0,107.0,28.0
gradient-boosting,0.8708,0.158,0.8984,0.0904,0.7852,0.1621,0.7852,0.8999,9588.0,1067.0,29.0,106.0
lightgbm,0.8713,0.1796,0.9837,0.2747,0.1852,0.2212,0.1852,0.9938,10589.0,66.0,110.0,25.0
logistic-regression,0.8944,0.2038,0.8703,0.077,0.8519,0.1412,0.8519,0.8706,9276.0,1379.0,20.0,115.0
mlp,0.1107,0.0066,0.9875,0.0,0.0,0.0,0.0,1.0,10655.0,0.0,135.0,0.0
naive-bayes,0.8833,0.2784,0.7508,0.0436,0.9037,0.0832,0.9037,0.7489,7979.0,2676.0,13.0,122.0
random-forest,0.8878,0.1562,0.987,0.0,0.0,0.0,0.0,0.9995,10650.0,5.0,135.0,0.0
svm,0.8616,0.1532,0.9877,1.0,0.0148,0.0292,0.0148,1.0,10655.0,0.0,133.0,2.0
xgboost,0.8889,0.1494,0.9828,0.2571,0.2,0.225,0.2,0.9927,10577.0,78.0,108.0,27.0
