model,auc-roc,auc-pr,accuracy,precision,recall,f1-score,sensitivity,specificity,tn,fp,fn,tp
catboost,0.9271,0.1703,0.9786,0.2363,0.3185,0.2713,0.3185,0.987,10516.0,139.0,92.0,43.0
dt,0.5766,0.1747,0.98,0.176,0.163,0.1692,0.163,0.9903,10552.0,103.0,113.0,22.0
gradient-boosting,0.893,0.176,0.9087,0.1028,0.8148,0.1826,0.8148,0.9099,9695.0,960.0,25.0,110.0
lightgbm,0.9099,0.1897,0.9857,0.3273,0.1333,0.1895,0.1333,0.9965,10618.0,37.0,117.0,18.0
logistic-regression,0.9162,0.2105,0.8782,0.0804,0.837,0.1468,0.837,0.8787,9363.0,1292.0,22.0,113.0
mlp,0.1283,0.0066,0.9875,0.0,0.0,0.0,0.0,1.0,10655.0,0.0,135.0,0.0
naive-bayes,0.8922,0.3088,0.7576,0.0448,0.9037,0.0853,0.9037,0.7558,8053.0,2602.0,13.0,122.0
random-forest,0.9063,0.1614,0.9868,0.0,0.0,0.0,0.0,0.9993,10648.0,7.0,135.0,0.0
svm,0.9152,0.1772,0.9873,0.0,0.0,0.0,0.0,0.9998,10653.0,2.0,135.0,0.0
xgboost,0.9033,0.1672,0.9831,0.2883,0.237,0.2602,0.237,0.9926,10576.0,79.0,103.0,32.0
