model,auc-roc,auc-pr,accuracy,precision,recall,f1-score,sensitivity,specificity,tn,fp,fn,tp
catboost,0.8869,0.1694,0.9705,0.197,0.1092,0.1405,0.1092,0.9899,5209.0,53.0,106.0,13.0
dt,0.5668,0.1661,0.9639,0.1622,0.1513,0.1565,0.1513,0.9823,5169.0,93.0,101.0,18.0
gradient-boosting,0.8089,0.137,0.7815,0.07,0.7227,0.1276,0.7227,0.7828,4119.0,1143.0,33.0,86.0
lightgbm,0.8508,0.1506,0.9766,0.2308,0.0252,0.0455,0.0252,0.9981,5252.0,10.0,116.0,3.0
logistic-regression,0.8818,0.2238,0.8253,0.0964,0.8235,0.1725,0.8235,0.8254,4343.0,919.0,21.0,98.0
mlp,0.3019,0.0142,0.9779,0.0,0.0,0.0,0.0,1.0,5262.0,0.0,119.0,0.0
naive-bayes,0.8024,0.1169,0.6564,0.049,0.7899,0.0923,0.7899,0.6534,3438.0,1824.0,25.0,94.0
random-forest,0.8792,0.1835,0.9773,0.0,0.0,0.0,0.0,0.9994,5259.0,3.0,119.0,0.0
svm,0.8807,0.1851,0.9775,0.25,0.0084,0.0163,0.0084,0.9994,5259.0,3.0,118.0,1.0
xgboost,0.8798,0.1572,0.9719,0.2241,0.1092,0.1469,0.1092,0.9914,5217.0,45.0,106.0,13.0
