model,auc-roc,auc-pr,accuracy,precision,recall,f1-score,sensitivity,specificity,tn,fp,fn,tp
dt,0.549,0.1095,0.9759,0.0968,0.1111,0.1034,0.1111,0.9869,10515.0,140.0,120.0,15.0
gradient-boosting,0.7528,0.0533,0.8236,0.0467,0.6741,0.0873,0.6741,0.8255,8796.0,1859.0,44.0,91.0
lightgbm,0.7961,0.0898,0.9862,0.1111,0.0148,0.0261,0.0148,0.9985,10639.0,16.0,133.0,2.0
logistic-regression,0.8386,0.0957,0.7944,0.0426,0.7185,0.0804,0.7185,0.7954,8475.0,2180.0,38.0,97.0
mlp,0.1806,0.007,0.9875,0.0,0.0,0.0,0.0,1.0,10655.0,0.0,135.0,0.0
naive-bayes,0.8268,0.1654,0.7157,0.034,0.7926,0.0652,0.7926,0.7147,7615.0,3040.0,28.0,107.0
random-forest,0.776,0.0671,0.9867,0.0,0.0,0.0,0.0,0.9992,10646.0,9.0,135.0,0.0
svm,0.7561,0.049,0.9875,0.0,0.0,0.0,0.0,1.0,10655.0,0.0,135.0,0.0
xgboost,0.7042,0.0572,0.9846,0.2075,0.0815,0.117,0.0815,0.9961,10613.0,42.0,124.0,11.0
