model,auc-roc-macro,auc-roc-weighted,auc-pr-macro,auc-pr-weighted,accuracy,confusion_matrix,cm-0,cm-1,cm-2,cm-3,cm-4,cm-5,cm-6,cm-7,cm-8,cm-9,cm-10,cm-11,cm-12,cm-13,cm-14,cm-15
gradient-boosting,0.8815,0.8632,0.3047,0.9765,0.9792,"[10566 0 0 0]
[117 0 0 0]
[89 0 0 0]
[18 0 0 0]",10566,0,0,0,117,0,0,0,89,0,0,0,18,0,0,0
lightgbm,0.9043,0.8861,0.3161,0.9778,0.9791,"[10565 1 0 0]
[117 0 0 0]
[89 0 0 0]
[18 0 0 0]",10565,1,0,0,117,0,0,0,89,0,0,0,18,0,0,0
logistic-regression,0.9087,0.8954,0.3206,0.9788,0.9791,"[10560 6 0 0]
[112 5 0 0]
[86 3 0 0]
[18 0 0 0]",10560,6,0,0,112,5,0,0,86,3,0,0,18,0,0,0
naive-bayes,0.8465,0.8665,0.2758,0.9759,0.7464,"[7956 1077 1307 226]
[14 55 24 24]
[18 19 33 19]
[0 5 3 10]",7956,1077,1307,226,14,55,24,24,18,19,33,19,0,5,3,10
transformer,0.8131,0.7563,0.3048,0.9739,0.9791,"[10564 2 0 0]
[117 0 0 0]
[89 0 0 0]
[18 0 0 0]",10564,2,0,0,117,0,0,0,89,0,0,0,18,0,0,0
