model,auc-roc,auc-pr,accuracy,precision,recall,f1-score,sensitivity,specificity,tn,fp,fn,tp
catboost,0.874,0.1499,0.9591,0.1507,0.4889,0.2304,0.4889,0.9651,10283.0,372.0,69.0,66.0
dt,0.5842,0.1908,0.9804,0.1935,0.1778,0.1853,0.1778,0.9906,10555.0,100.0,111.0,24.0
gradient-boosting,0.8511,0.1486,0.8753,0.0709,0.7407,0.1294,0.7407,0.8771,9345.0,1310.0,35.0,100.0
lightgbm,0.8792,0.1599,0.9796,0.2455,0.3037,0.2715,0.3037,0.9882,10529.0,126.0,94.0,41.0
logistic-regression,0.8902,0.1916,0.8551,0.0704,0.8667,0.1302,0.8667,0.855,9110.0,1545.0,18.0,117.0
mlp,0.1708,0.0069,0.9875,0.0,0.0,0.0,0.0,1.0,10655.0,0.0,135.0,0.0
naive-bayes,0.8709,0.1502,0.5483,0.0239,0.8815,0.0466,0.8815,0.5441,5797.0,4858.0,16.0,119.0
random-forest,0.8886,0.1598,0.9867,0.1667,0.0148,0.0272,0.0148,0.9991,10645.0,10.0,133.0,2.0
svm,0.8933,0.1981,0.9876,1.0,0.0074,0.0147,0.0074,1.0,10655.0,0.0,134.0,1.0
xgboost,0.875,0.122,0.9797,0.2123,0.2296,0.2206,0.2296,0.9892,10540.0,115.0,104.0,31.0
