model,auc-roc,auc-pr,accuracy,precision,recall,f1-score,sensitivity,specificity,tn,fp,fn,tp
dt,0.5259,0.066,0.9736,0.0536,0.0667,0.0594,0.0667,0.9851,10496.0,159.0,126.0,9.0
gradient-boosting,0.6357,0.0501,0.9875,0.0,0.0,0.0,0.0,1.0,10655.0,0.0,135.0,0.0
lightgbm,0.722,0.0908,0.9875,0.0,0.0,0.0,0.0,1.0,10655.0,0.0,135.0,0.0
logistic-regression,0.8559,0.086,0.9875,0.0,0.0,0.0,0.0,1.0,10655.0,0.0,135.0,0.0
mlp,0.1806,0.007,0.9875,0.0,0.0,0.0,0.0,1.0,10655.0,0.0,135.0,0.0
naive-bayes,0.8262,0.1276,0.7779,0.0395,0.7185,0.0749,0.7185,0.7787,8297.0,2358.0,38.0,97.0
random-forest,0.7975,0.0559,0.9875,0.0,0.0,0.0,0.0,1.0,10655.0,0.0,135.0,0.0
svm,0.4566,0.0137,0.9871,0.0,0.0,0.0,0.0,0.9996,10651.0,4.0,135.0,0.0
transformer,0.8549,0.0678,0.9875,0.0,0.0,0.0,0.0,1.0,10655.0,0.0,135.0,0.0
xgboost,0.7415,0.0674,0.9872,0.3636,0.0296,0.0548,0.0296,0.9993,10648.0,7.0,131.0,4.0
