model,auc-roc,auc-pr,accuracy,precision,recall,f1-score,sensitivity,specificity,tn,fp,fn,tp
catboost,0.8149,0.0943,0.9729,0.1538,0.0504,0.0759,0.0504,0.9937,5229.0,33.0,113.0,6.0
dt,0.5418,0.1084,0.9552,0.0878,0.1092,0.0974,0.1092,0.9743,5127.0,135.0,106.0,13.0
gradient-boosting,0.7535,0.0812,0.7829,0.0589,0.5882,0.107,0.5882,0.7873,4143.0,1119.0,49.0,70.0
lightgbm,0.7817,0.0905,0.976,0.1429,0.0168,0.0301,0.0168,0.9977,5250.0,12.0,117.0,2.0
logistic-regression,0.8428,0.173,0.8262,0.0845,0.6975,0.1508,0.6975,0.8292,4363.0,899.0,36.0,83.0
mlp,0.3029,0.0142,0.9779,0.0,0.0,0.0,0.0,1.0,5262.0,0.0,119.0,0.0
naive-bayes,0.7464,0.0773,0.6462,0.0425,0.6975,0.0802,0.6975,0.645,3394.0,1868.0,36.0,83.0
random-forest,0.8171,0.1081,0.9775,0.0,0.0,0.0,0.0,0.9996,5260.0,2.0,119.0,0.0
svm,0.8213,0.1196,0.9773,0.0,0.0,0.0,0.0,0.9994,5259.0,3.0,119.0,0.0
xgboost,0.8092,0.1023,0.9738,0.225,0.0756,0.1132,0.0756,0.9941,5231.0,31.0,110.0,9.0
