model,auc-roc,auc-pr,accuracy,precision,recall,f1-score,sensitivity,specificity,tn,fp,fn,tp
catboost,0.4777,0.0122,0.8197,0.0113,0.1556,0.0211,0.1556,0.8282,8824.0,1831.0,114.0,21.0
dt,0.4843,0.0809,0.8192,0.0102,0.1407,0.0191,0.1407,0.8278,8820.0,1835.0,116.0,19.0
gradient-boosting,0.555,0.0335,0.4893,0.012,0.4889,0.0234,0.4889,0.4893,5214.0,5441.0,69.0,66.0
lightgbm,0.5448,0.0155,0.9692,0.0148,0.0222,0.0178,0.0222,0.9812,10455.0,200.0,132.0,3.0
logistic-regression,0.5561,0.0209,0.7295,0.0187,0.4,0.0357,0.4,0.7336,7817.0,2838.0,81.0,54.0
mlp,0.3802,0.01,0.9875,0.0,0.0,0.0,0.0,1.0,10655.0,0.0,135.0,0.0
naive-bayes,0.5775,0.0232,0.8392,0.0289,0.363,0.0535,0.363,0.8452,9006.0,1649.0,86.0,49.0
random-forest,0.5352,0.0133,0.9185,0.0181,0.1037,0.0309,0.1037,0.9289,9897.0,758.0,121.0,14.0
svm,0.489,0.0149,0.9875,0.0,0.0,0.0,0.0,1.0,10655.0,0.0,135.0,0.0
xgboost,0.4591,0.0138,0.8219,0.0109,0.1481,0.0204,0.1481,0.8304,8848.0,1807.0,115.0,20.0
