model,auc-roc,auc-pr,accuracy,precision,recall,f1-score,sensitivity,specificity,tn,fp,fn,tp
dt,0.5589,0.1213,0.9739,0.0984,0.1333,0.1132,0.1333,0.9845,10490.0,165.0,117.0,18.0
gradient-boosting,0.8105,0.1345,0.9875,0.0,0.0,0.0,0.0,1.0,10655.0,0.0,135.0,0.0
lightgbm,0.8573,0.1509,0.9875,0.0,0.0,0.0,0.0,1.0,10655.0,0.0,135.0,0.0
logistic-regression,0.8931,0.1964,0.9871,0.375,0.0444,0.0795,0.0444,0.9991,10645.0,10.0,129.0,6.0
mlp,0.1289,0.0066,0.9875,0.0,0.0,0.0,0.0,1.0,10655.0,0.0,135.0,0.0
naive-bayes,0.8851,0.2732,0.7973,0.052,0.8815,0.0981,0.8815,0.7962,8484.0,2171.0,16.0,119.0
random-forest,0.8865,0.1789,0.9871,0.3571,0.037,0.0671,0.037,0.9992,10646.0,9.0,130.0,5.0
svm,0.6754,0.1032,0.9867,0.25,0.0296,0.053,0.0296,0.9989,10643.0,12.0,131.0,4.0
transformer,0.8932,0.2002,0.9872,0.2857,0.0148,0.0282,0.0148,0.9995,10650.0,5.0,133.0,2.0
xgboost,0.8828,0.1358,0.9856,0.0833,0.0148,0.0252,0.0148,0.9979,10633.0,22.0,133.0,2.0
