model,auc-roc,auc-pr,accuracy,precision,recall,f1-score,sensitivity,specificity,tn,fp,fn,tp
dt,0.5831,0.1757,0.9783,0.1633,0.1778,0.1702,0.1778,0.9885,10532.0,123.0,111.0,24.0
gradient-boosting,0.8588,0.158,0.9123,0.1036,0.7852,0.1831,0.7852,0.9139,9738.0,917.0,29.0,106.0
lightgbm,0.8712,0.1762,0.9854,0.1892,0.0519,0.0814,0.0519,0.9972,10625.0,30.0,128.0,7.0
logistic-regression,0.89,0.2026,0.875,0.0785,0.837,0.1435,0.837,0.8755,9328.0,1327.0,22.0,113.0
mlp,0.1289,0.0066,0.9875,0.0,0.0,0.0,0.0,1.0,10655.0,0.0,135.0,0.0
naive-bayes,0.8847,0.3,0.7502,0.0435,0.9037,0.083,0.9037,0.7483,7973.0,2682.0,13.0,122.0
random-forest,0.8752,0.1363,0.9872,0.0,0.0,0.0,0.0,0.9997,10652.0,3.0,135.0,0.0
svm,0.8659,0.1462,0.9874,0.0,0.0,0.0,0.0,0.9999,10654.0,1.0,135.0,0.0
xgboost,0.885,0.156,0.9829,0.2366,0.163,0.193,0.163,0.9933,10584.0,71.0,113.0,22.0
