model,auc-roc,auc-pr,accuracy,precision,recall,f1-score,sensitivity,specificity,tn,fp,fn,tp
dt,0.5303,0.0755,0.9752,0.0654,0.0741,0.0694,0.0741,0.9866,10512.0,143.0,125.0,10.0
gradient-boosting,0.787,0.0682,0.9875,0.0,0.0,0.0,0.0,1.0,10655.0,0.0,135.0,0.0
lightgbm,0.8027,0.1202,0.9875,0.0,0.0,0.0,0.0,1.0,10655.0,0.0,135.0,0.0
logistic-regression,0.8646,0.1063,0.9875,0.5,0.0074,0.0146,0.0074,0.9999,10654.0,1.0,134.0,1.0
mlp,0.1994,0.0071,0.9875,0.0,0.0,0.0,0.0,1.0,10655.0,0.0,135.0,0.0
naive-bayes,0.8297,0.1656,0.7874,0.0408,0.7111,0.0772,0.7111,0.7884,8400.0,2255.0,39.0,96.0
random-forest,0.829,0.0918,0.9874,0.0,0.0,0.0,0.0,0.9999,10654.0,1.0,135.0,0.0
svm,0.6547,0.0447,0.9874,0.0,0.0,0.0,0.0,0.9999,10654.0,1.0,135.0,0.0
transformer,0.8609,0.1043,0.9875,0.0,0.0,0.0,0.0,1.0,10655.0,0.0,135.0,0.0
xgboost,0.7831,0.0826,0.9867,0.2632,0.037,0.0649,0.037,0.9987,10641.0,14.0,130.0,5.0
